1.00001	0.00126
0.98757	0.0031
0.97521	0.00493
0.96294	0.00676
0.95076	0.00858
0.93866	0.01039
0.92665	0.0122
0.91472	0.01401
0.90287	0.01581
0.89111	0.0176
0.87943	0.01938
0.86783	0.02116
0.85632	0.02294
0.84488	0.0247
0.83353	0.02646
0.82226	0.02821
0.81107	0.02995
0.79996	0.03168
0.78893	0.03341
0.77798	0.03512
0.76711	0.03683
0.75632	0.03852
0.7456	0.0402
0.73497	0.04188
0.72442	0.04354
0.71394	0.04519
0.70354	0.04682
0.69322	0.04844
0.68298	0.05005
0.67282	0.05165
0.66273	0.05323
0.65272	0.0548
0.64279	0.05635
0.63294	0.05788
0.62316	0.0594
0.61346	0.0609
0.60383	0.06238
0.59429	0.06385
0.58482	0.0653
0.57542	0.06673
0.5661	0.06814
0.55686	0.06953
0.5477	0.0709
0.53861	0.07225
0.52959	0.07358
0.52066	0.07489
0.51179	0.07618
0.50301	0.07745
0.4943	0.07869
0.48566	0.07991
0.4771	0.08111
0.46862	0.08228
0.46021	0.08344
0.45188	0.08456
0.44362	0.08567
0.43544	0.08675
0.42733	0.0878
0.4193	0.08883
0.41135	0.08984
0.40346	0.09082
0.39566	0.09177
0.38793	0.0927
0.38027	0.0936
0.37269	0.09448
0.36519	0.09533
0.35776	0.09616
0.35041	0.09695
0.34313	0.09773
0.33592	0.09847
0.32879	0.09919
0.32174	0.09988
0.31476	0.10054
0.30786	0.10118
0.30103	0.10179
0.29428	0.10238
0.28761	0.10293
0.28101	0.10346
0.27448	0.10396
0.26803	0.10444
0.26166	0.10489
0.25536	0.10531
0.24913	0.10571
0.24299	0.10607
0.23691	0.10642
0.23092	0.10673
0.225	0.10702
0.21914	0.10728
0.2133	0.10752
0.20745	0.10773
0.20162	0.1079
0.1958	0.10802
0.18999	0.10809
0.18421	0.1081
0.17845	0.10805
0.17272	0.10793
0.16702	0.10773
0.16136	0.10746
0.15575	0.1071
0.15018	0.10665
0.14466	0.10612
0.1392	0.10549
0.1338	0.10477
0.12847	0.10395
0.1232	0.10305
0.11801	0.10204
0.1129	0.10094
0.10787	0.09975
0.10293	0.09846
0.09809	0.09708
0.09333	0.09561
0.08868	0.09406
0.08413	0.09242
0.07969	0.09071
0.07535	0.08892
0.07113	0.08706
0.06703	0.08513
0.06303	0.08314
0.05916	0.08109
0.05541	0.07899
0.05178	0.07684
0.04827	0.07465
0.04488	0.07242
0.04162	0.07016
0.03848	0.06787
0.03546	0.06557
0.03257	0.06324
0.0298	0.06091
0.02715	0.05856
0.02461	0.05622
0.0222	0.05387
0.01991	0.05154
0.01774	0.04921
0.01568	0.0469
0.01373	0.04461
0.0119	0.04234
0.01019	0.0401
0.00858	0.03789
0.00708	0.03571
0.0057	0.03357
0.00441	0.03146
0.00324	0.0294
0.00217	0.02739
0.0012	0.02542
0.00033	0.02351
-0.00044	0.02164
-0.0011	0.01983
-0.00167	0.01808
-0.00215	0.01638
-0.00252	0.01474
-0.00281	0.01316
-0.003	0.01165
-0.0031	0.01019
-0.0031	0.0088
-0.00302	0.00748
-0.00285	0.00621
-0.00259	0.00502
-0.00224	0.00388
-0.00181	0.00282
-0.00129	0.00181
-0.00069	0.00088
0.0	0.0
0.00076	-0.00081
0.0016	-0.00155
0.00251	-0.00221
0.00349	-0.00281
0.00454	-0.00334
0.00566	-0.00381
0.00685	-0.00421
0.0081	-0.00455
0.00942	-0.00483
0.01081	-0.00506
0.01226	-0.00522
0.01377	-0.00533
0.01535	-0.00539
0.01699	-0.00541
0.01868	-0.00537
0.02044	-0.00529
0.02225	-0.00517
0.02411	-0.00502
0.02604	-0.00482
0.02801	-0.0046
0.03004	-0.00435
0.03212	-0.00407
0.03424	-0.00376
0.03642	-0.00344
0.03864	-0.00311
0.04091	-0.00275
0.04322	-0.00239
0.04557	-0.00202
0.04797	-0.00165
0.0504	-0.00127
0.05287	-0.0009
0.05539	-0.00053
0.05793	-0.00017
0.06052	0.00018
0.06313	0.00052
0.06579	0.00085
0.06847	0.00116
0.07119	0.00145
0.07394	0.00172
0.07673	0.00197
0.07955	0.00219
0.0824	0.00239
0.08529	0.00257
0.08822	0.00271
0.09118	0.00283
0.09418	0.00292
0.09722	0.00298
0.10031	0.003
0.10345	0.003
0.10663	0.00296
0.10987	0.00288
0.11316	0.00278
0.11652	0.00264
0.11994	0.00246
0.12343	0.00225
0.12699	0.002
0.13063	0.00171
0.13435	0.00139
0.13815	0.00103
0.14205	0.00063
0.14604	0.00019
0.15013	-0.00028
0.15433	-0.0008
0.15864	-0.00135
0.16306	-0.00193
0.1676	-0.00255
0.17226	-0.00321
0.17704	-0.00389
0.18196	-0.0046
0.18702	-0.00534
0.19221	-0.0061
0.19755	-0.00688
0.20303	-0.00767
0.20867	-0.00846
0.21445	-0.00925
0.22033	-0.01003
0.22629	-0.0108
0.23233	-0.01156
0.23844	-0.0123
0.24464	-0.01303
0.25092	-0.01375
0.25728	-0.01445
0.26372	-0.01514
0.27024	-0.01581
0.27685	-0.01647
0.28353	-0.01712
0.29029	-0.01775
0.29714	-0.01837
0.30406	-0.01897
0.31107	-0.01956
0.31816	-0.02013
0.32533	-0.02068
0.33258	-0.02122
0.33991	-0.02174
0.34732	-0.02225
0.35481	-0.02274
0.36238	-0.02321
0.37004	-0.02367
0.37777	-0.0241
0.38559	-0.02452
0.39349	-0.02493
0.40147	-0.02531
0.40953	-0.02567
0.41767	-0.02602
0.42589	-0.02635
0.43419	-0.02666
0.44257	-0.02695
0.45104	-0.02721
0.45958	-0.02746
0.46821	-0.02769
0.47692	-0.0279
0.4857	-0.02809
0.49457	-0.02825
0.50352	-0.0284
0.51255	-0.02852
0.52166	-0.02862
0.53085	-0.02869
0.54012	-0.02875
0.54947	-0.02878
0.5589	-0.02878
0.56841	-0.02876
0.578	-0.02872
0.58767	-0.02865
0.59742	-0.02855
0.60725	-0.02843
0.61715	-0.02829
0.62714	-0.02811
0.63721	-0.02791
0.64736	-0.02767
0.65758	-0.02741
0.66789	-0.02712
0.67827	-0.0268
0.68873	-0.02644
0.69927	-0.02606
0.70989	-0.02564
0.72058	-0.02519
0.73136	-0.0247
0.74221	-0.02418
0.75314	-0.02362
0.76414	-0.02302
0.77522	-0.02238
0.78638	-0.02171
0.79762	-0.02099
0.80893	-0.02024
0.82032	-0.01944
0.83178	-0.01859
0.84332	-0.0177
0.85493	-0.01676
0.86662	-0.01578
0.87838	-0.01474
0.89022	-0.01366
0.90213	-0.01252
0.91411	-0.01132
0.92616	-0.01007
0.93829	-0.00876
0.95049	-0.00739
0.96276	-0.00595
0.9751	-0.00446
0.98751	-0.00289
0.99999	-0.00126
